1460411798841
1460411798874
1460411798936
1460411798978
1460411799010
1460411799072
1460411799104
1460411799166
1460411799208
1460411799240
1460411799302
1460411799344
1460411799376
1460411799438
1460411799470
1460411799532
1460411799564
1460411799626
1460411799658
1460411799718
1460411799750
1460411799812
1460411799844
1460411799906
1460411799938
1460411799990
1460411800060
1460411800093
1460411800144
1460411800186
1460411800237
1460411800279
1460411800341
1460411800373
1460411800433
1460411800465
1460411800527
1460411800559
1460411800639
1460411800670
1460411800712
1460411800774
1460411800806
1460411800868
1460411800900
1460411800960
1460411800992
1460411801043
1460411801093
1460411801135
1460411801187
1460411801239
1460411801291
1460411801343
1460411801395
1460411801447
1460411801498
1460411801540
1460411801600
1460411801632
1460411801683
1460411801725
1460411801787
1460411801819
1460411801879
1460411801921
1460411801973
1460411802005
1460411802057
1460411802119
1460411802151
1460411802213
1460411802255
1460411802287
1460411802349
1460411802391
1460411802423
1460411802485
1460411802517
1460411802569
1460411802629
1460411802671
1460411802723
1460411802765
1460411802797
1460411802859
1460411802901
1460411802933
1460411802995
1460411803027
1460411803089
1460411803121
1460411803183
1460411803225
1460411803257
1460411803319
1460411803361
1460411803393
1460411803455
1460411803497
1460411803529
1460411803589
1460411803621
1460411803683
1460411803725
1460411803757
1460411803819
1460411803851